0.00152111053467
0.00152492523193
0.00152397155762
0.00152516365051
0.00151896476746
0.00152087211609
0.00151991844177
0.00152492523193
0.00152015686035
0.00151896476746
0.00152111053467
0.00151896476746
0.00152111053467
0.00152492523193
0.00152397155762
0.00152516365051
0.00151896476746
0.00152087211609
0.00151991844177
0.00152492523193
0.00152015686035
0.00151896476746
0.00152111053467
0.00151896476746
0.00152111053467
0.00152492523193
0.00152397155762
0.00152516365051
0.00151896476746
0.00152087211609
0.00151991844177
0.00152492523193
0.00152015686035
0.00151896476746
0.00152111053467
0.00151896476746
0.00152111053467
0.00152492523193
0.00152397155762
0.00152516365051
0.00151896476746
0.00152087211609
0.00151991844177
0.00152492523193
0.00152015686035
0.00151896476746
0.00152111053467
0.00151896476746
0.00152111053467
0.00152492523193
0.00152397155762
0.00152516365051
0.00151896476746
0.00152087211609
0.00151991844177
0.00152492523193
0.00152015686035
0.00151896476746
0.00152111053467
0.00151896476746
0.00152111053467
0.00152492523193
0.00152397155762
0.00152516365051
0.00151896476746
0.00152087211609
0.00151991844177
0.00152492523193
0.00152015686035
0.00151896476746
0.00152111053467
0.00151896476746
0.00152111053467
0.00152492523193
0.00152397155762
0.00152516365051
0.00151896476746
0.00152087211609
0.00151991844177
0.00152492523193
0.00152015686035
0.00151896476746
0.00152111053467
0.00151896476746
0.00152111053467
0.00152492523193
0.00152397155762
0.00152516365051
0.00151896476746
0.00152087211609
0.00151991844177
0.00152492523193
0.00152015686035
0.00151896476746
0.00152111053467
0.00151896476746
0.00152111053467
0.00152492523193
0.00152397155762
0.00152516365051
0.00151896476746
0.00152087211609
0.00151991844177
0.00152492523193
0.00152015686035
0.00151896476746
0.00152111053467
0.00151896476746
0.00152111053467
0.00152492523193
0.00152397155762
0.00152516365051
0.00151896476746
0.00152087211609
0.00151991844177
0.00152492523193
0.00152015686035
0.00151896476746
0.00152111053467
0.00151896476746
0.00152111053467
0.00152492523193
0.00152397155762
0.00152516365051
0.00151896476746
0.00152087211609
0.00151991844177
0.00152492523193
0.00152015686035
0.00151896476746
0.00152111053467
0.00151896476746
0.00152111053467
0.00152492523193
0.00152397155762
0.00152516365051
0.00151896476746
0.00152087211609
0.00151991844177
0.00152492523193
0.00152015686035
0.00151896476746
0.00152111053467
0.00151896476746
0.00152111053467
0.00152492523193
0.00152397155762
0.00152516365051
0.00151896476746
0.00152087211609
0.00151991844177
0.00152492523193
0.00152015686035
0.00151896476746
0.00152111053467
0.00151896476746
0.00152111053467
0.00152492523193
0.00152397155762
0.00152516365051
0.00151896476746
0.00152087211609
0.00151991844177
0.00152492523193
0.00152015686035
0.00151896476746
0.00152111053467
0.00151896476746
0.00152111053467
0.00152492523193
0.00152397155762
0.00152516365051
0.00151896476746
0.00152087211609
0.00151991844177
0.00152492523193
0.00152015686035
0.00151896476746
0.00152111053467
0.00151896476746
0.00152111053467
0.00152492523193
0.00152397155762
0.00152516365051
0.00151896476746
0.00152087211609
0.00151991844177
0.00152492523193
0.00152015686035
0.00151896476746
0.00152111053467
0.00151896476746
0.00152111053467
0.00152492523193
0.00152397155762
0.00152516365051
0.00151896476746
0.00152087211609
0.00151991844177
0.00152492523193
0.00152015686035
0.00151896476746
0.00152111053467
0.00151896476746
0.00152111053467
0.00152492523193
0.00152397155762
0.00152516365051
0.00151896476746
0.00152087211609
0.00151991844177
0.00152492523193
0.00152015686035
0.00151896476746
0.00152111053467
0.00151896476746
0.00152111053467
0.00152492523193
0.00152397155762
0.00152516365051
0.00151896476746
0.00152087211609
0.00151991844177
0.00152492523193
0.00152015686035
0.00151896476746
0.00152111053467
0.00151896476746
0.00152111053467
0.00152492523193
0.00152397155762
0.00152516365051
0.00151896476746
0.00152087211609
0.00151991844177
0.00152492523193
0.00152015686035
0.00151896476746
0.00152111053467
0.00151896476746
0.00152111053467
0.00152492523193
0.00152397155762
0.00152516365051
0.00151896476746
0.00152087211609
0.00151991844177
0.00152492523193
0.00152015686035
0.00151896476746
0.00152111053467
0.00151896476746
0.00152111053467
0.00152492523193
0.00152397155762
0.00152516365051
0.00151896476746
0.00152087211609
0.00151991844177
0.00152492523193
0.00152015686035
0.00151896476746
0.00152111053467
0.00151896476746
0.00152111053467
0.00152492523193
0.00152397155762
0.00152516365051
0.00151896476746
0.00152087211609
0.00151991844177
0.00152492523193
0.00152015686035
0.00151896476746
0.00152111053467
0.00151896476746
0.00152111053467
0.00152492523193
0.00152397155762
0.00152516365051
0.00151896476746
0.00152087211609
0.00151991844177
0.00152492523193
0.00152015686035
0.00151896476746
0.00152111053467
0.00151896476746
0.00152111053467
0.00152492523193
0.00152397155762
0.00152516365051
0.00151896476746
0.00152087211609
0.00151991844177
0.00152492523193
0.00152015686035
0.00151896476746
0.00152111053467
0.00151896476746
0.00152111053467
0.00152492523193
0.00152397155762
0.00152516365051
0.00151896476746
0.00152087211609
0.00151991844177
0.00152492523193
0.00152015686035
0.00151896476746
0.00152111053467
0.00151896476746
0.00152111053467
0.00152492523193
0.00152397155762
0.00152516365051
0.00151896476746
0.00152087211609
0.00151991844177
0.00152492523193
0.00152015686035
0.00151896476746
0.00152111053467
0.00151896476746
0.00152111053467
0.00152492523193
0.00152397155762
0.00152516365051
0.00151896476746
0.00152087211609
0.00151991844177
0.00152492523193
0.00152015686035
0.00151896476746
0.00152111053467
0.00151896476746
0.00152111053467
0.00152492523193
0.00152397155762
0.00152516365051
0.00151896476746
0.00152087211609
0.00151991844177
0.00152492523193
0.00152015686035
0.00151896476746
0.00152111053467
0.00151896476746
0.00152111053467
0.00152492523193
0.00152397155762
0.00152516365051
0.00151896476746
0.00152087211609
0.00151991844177
0.00152492523193
0.00152015686035
0.00151896476746
0.00152111053467
0.00151896476746
0.00152111053467
0.00152492523193
0.00152397155762
0.00152516365051
0.00151896476746
0.00152087211609
0.00151991844177
0.00152492523193
0.00152015686035
0.00151896476746
0.00152111053467
0.00151896476746
0.00152111053467
0.00152492523193
0.00152397155762
0.00152516365051
0.00151896476746
0.00152087211609
0.00151991844177
0.00152492523193
0.00152015686035
0.00151896476746
0.00152111053467
0.00151896476746
0.00152111053467
0.00152492523193
0.00152397155762
0.00152516365051
0.00151896476746
0.00152087211609
0.00151991844177
0.00152492523193
0.00152015686035
0.00151896476746
0.00152111053467
0.00151896476746
0.00152111053467
0.00152492523193
0.00152397155762
0.00152516365051
0.00151896476746
0.00152087211609
0.00151991844177
0.00152492523193
0.00152015686035
0.00151896476746
0.00152111053467
0.00151896476746
0.00152111053467
0.00152492523193
0.00152397155762
0.00152516365051
0.00151896476746
0.00152087211609
0.00151991844177
0.00152492523193
0.00152015686035
0.00151896476746
0.00152111053467
0.00151896476746
0.00152111053467
0.00152492523193
0.00152397155762
0.00152516365051
0.00151896476746
0.00152087211609
0.00151991844177
0.00152492523193
0.00152015686035
0.00151896476746
0.00152111053467
0.00151896476746
0.00152111053467
0.00152492523193
0.00152397155762
0.00152516365051
0.00151896476746
0.00152087211609
0.00151991844177
0.00152492523193
0.00152015686035
0.00151896476746
0.00152111053467
0.00151896476746
0.00152111053467
0.00152492523193
0.00152397155762
0.00152516365051
0.00151896476746
0.00152087211609
0.00151991844177
0.00152492523193
0.00152015686035
0.00151896476746
0.00152111053467
0.00151896476746
0.00152111053467
0.00152492523193
0.00152397155762
0.00152516365051
0.00151896476746
0.00152087211609
0.00151991844177
0.00152492523193
0.00152015686035
0.00151896476746
0.00152111053467
0.00151896476746
0.00152111053467
0.00152492523193
0.00152397155762
0.00152516365051
0.00151896476746
0.00152087211609
0.00151991844177
0.00152492523193
0.00152015686035
0.00151896476746
0.00152111053467
0.00151896476746
0.00152111053467
0.00152492523193
0.00152397155762
0.00152516365051
0.00151896476746
0.00152087211609
0.00151991844177
0.00152492523193
0.00152015686035
0.00151896476746
0.00152111053467
0.00151896476746
0.00152111053467
0.00152492523193
0.00152397155762
0.00152516365051
0.00151896476746
0.00152087211609
0.00151991844177
0.00152492523193
0.00152015686035
0.00151896476746
0.00152111053467
0.00151896476746
0.00152111053467
0.00152492523193
0.00152397155762
0.00152516365051
0.00151896476746
0.00152087211609
0.00151991844177
0.00152492523193
0.00152015686035
0.00151896476746
0.00152111053467
0.00151896476746
0.00152111053467
0.00152492523193
0.00152397155762
0.00152516365051
0.00151896476746
0.00152087211609
0.00151991844177
0.00152492523193
0.00152015686035
0.00151896476746
0.00152111053467
0.00151896476746
0.00152111053467
0.00152492523193
0.00152397155762
0.00152516365051
0.00151896476746
0.00152087211609
0.00151991844177
0.00152492523193
0.00152015686035
0.00151896476746
0.00152111053467
0.00151896476746
0.00152111053467
0.00152492523193
0.00152397155762
0.00152516365051
0.00151896476746
0.00152087211609
0.00151991844177
0.00152492523193
0.00152015686035
0.00151896476746
0.00152111053467
0.00151896476746
0.00152111053467
0.00152492523193
0.00152397155762
0.00152516365051
0.00151896476746
0.00152087211609
0.00151991844177
0.00152492523193
0.00152015686035
0.00151896476746
0.00152111053467
0.00151896476746
0.00152111053467
0.00152492523193
0.00152397155762
0.00152516365051
0.00151896476746
0.00152087211609
0.00151991844177
0.00152492523193
0.00152015686035
0.00151896476746
0.00152111053467
0.00151896476746
0.00152111053467
0.00152492523193
0.00152397155762
0.00152516365051
0.00151896476746
0.00152087211609
0.00151991844177
0.00152492523193
0.00152015686035
0.00151896476746
0.00152111053467
0.00151896476746
0.00152111053467
0.00152492523193
0.00152397155762
0.00152516365051
0.00151896476746
0.00152087211609
0.00151991844177
0.00152492523193
0.00152015686035
0.00151896476746
0.00152111053467
0.00151896476746
0.00152111053467
0.00152492523193
0.00152397155762
0.00152516365051
0.00151896476746
0.00152087211609
0.00151991844177
0.00152492523193
0.00152015686035
0.00151896476746
0.00152111053467
0.00151896476746
0.00152111053467
0.00152492523193
0.00152397155762
0.00152516365051
0.00151896476746
0.00152087211609
0.00151991844177
0.00152492523193
0.00152015686035
0.00151896476746
0.00152111053467
0.00151896476746
0.00152111053467
0.00152492523193
0.00152397155762
0.00152516365051
0.00151896476746
0.00152087211609
0.00151991844177
0.00152492523193
0.00152015686035
0.00151896476746
0.00152111053467
0.00151896476746
0.00152111053467
0.00152492523193
0.00152397155762
0.00152516365051
0.00151896476746
0.00152087211609
0.00151991844177
0.00152492523193
0.00152015686035
0.00151896476746
0.00152111053467
0.00151896476746
0.00152111053467
0.00152492523193
0.00152397155762
0.00152516365051
0.00151896476746
0.00152087211609
0.00151991844177
0.00152492523193
0.00152015686035
0.00151896476746
0.00152111053467
0.00151896476746
0.00152111053467
0.00152492523193
0.00152397155762
0.00152516365051
0.00151896476746
0.00152087211609
0.00151991844177
0.00152492523193
0.00152015686035
0.00151896476746
0.00152111053467
0.00151896476746
0.00152111053467
0.00152492523193
0.00152397155762
0.00152516365051
0.00151896476746
0.00152087211609
0.00151991844177
0.00152492523193
0.00152015686035
0.00151896476746
0.00152111053467
0.00151896476746
0.00152111053467
0.00152492523193
0.00152397155762
0.00152516365051
0.00151896476746
0.00152087211609
0.00151991844177
0.00152492523193
0.00152015686035
0.00151896476746
0.00152111053467
0.00151896476746
0.00152111053467
0.00152492523193
0.00152397155762
0.00152516365051
0.00151896476746
0.00152087211609
0.00151991844177
0.00152492523193
0.00152015686035
0.00151896476746
0.00152111053467
0.00151896476746
0.00152111053467
0.00152492523193
0.00152397155762
0.00152516365051
0.00151896476746
0.00152087211609
0.00151991844177
0.00152492523193
0.00152015686035
0.00151896476746
0.00152111053467
0.00151896476746
0.00152111053467
0.00152492523193
0.00152397155762
0.00152516365051
0.00151896476746
0.00152087211609
0.00151991844177
0.00152492523193
0.00152015686035
0.00151896476746
0.00152111053467
0.00151896476746
0.00152111053467
0.00152492523193
0.00152397155762
0.00152516365051
0.00151896476746
0.00152087211609
0.00151991844177
0.00152492523193
0.00152015686035
0.00151896476746
0.00152111053467
0.00151896476746
0.00152111053467
0.00152492523193
0.00152397155762
0.00152516365051
0.00151896476746
0.00152087211609
0.00151991844177
0.00152492523193
0.00152015686035
0.00151896476746
0.00152111053467
0.00151896476746
0.00152111053467
0.00152492523193
0.00152397155762
0.00152516365051
0.00151896476746
0.00152087211609
0.00151991844177
0.00152492523193
0.00152015686035
0.00151896476746
0.00152111053467
0.00151896476746
0.00152111053467
0.00152492523193
0.00152397155762
0.00152516365051
0.00151896476746
0.00152087211609
0.00151991844177
0.00152492523193
0.00152015686035
0.00151896476746
0.00152111053467
0.00151896476746
0.00152111053467
0.00152492523193
0.00152397155762
0.00152516365051
0.00151896476746
0.00152087211609
0.00151991844177
0.00152492523193
0.00152015686035
0.00151896476746
0.00152111053467
0.00151896476746
0.0015230178833
0.00152707099915
0.00152206420898
0.00152611732483
0.00153017044067
0.00152015686035
0.00152111053467
0.00152683258057
0.00152206420898
0.00161290168762
0.00190186500549
0.00205016136169
0.00210189819336
0.00210309028625
0.00210189819336
0.00209712982178
0.00210118293762
0.00210309028625
0.00210499763489
0.00210309028625
0.00210380554199
0.00209498405457
0.00185585021973
0.00169801712036
0.00160193443298
0.00158500671387
0.00159502029419
0.00164103507996
0.00170993804932
0.00177907943726
0.00188398361206
0.00196409225464
0.00203895568848
0.00209999084473
0.00210499763489
0.00209403038025
0.00210404396057
0.00201606750488
0.00189304351807
0.00177502632141
0.0016610622406
0.00157690048218
0.00154709815979
0.00154185295105
0.00155305862427
0.00173497200012
0.00182604789734
0.00190687179565
0.00196290016174
0.00198888778687
0.00200605392456
0.00201106071472
0.00201082229614
0.00197005271912
0.0019109249115
0.00180697441101
0.00162410736084
0.00156712532043
0.00154781341553
0.00152707099915
0.00152611732483
0.00152492523193
0.00153017044067
0.00152587890625
0.00152707099915
0.00152492523193
0.00152206420898
0.00152707099915
0.00152397155762
0.00152611732483
0.0015230178833
0.00152802467346
0.00152707099915
0.00152778625488
0.00152397155762
0.0015230178833
0.00152397155762
0.00152683258057
0.00152397155762
0.00151991844177
0.00152087211609
0.00152015686035
0.00151896476746
0.00151896476746
0.00152015686035
0.00151681900024
0.00151896476746
0.00152111053467
0.00151705741882
0.00152087211609
1487286055.04
0.00151705741882
1487286055.06
0.00152111053467
1487286055.08
0.00151991844177
1487286055.09
0.00151991844177
1487286055.11
0.00152015686035
1487286055.13
0.00152111053467
1487286055.14
0.00152397155762
1487286055.16
0.00151586532593
1487286055.17
0.00152707099915
1487286055.19
0.0015230178833
1487286055.21
0.00152707099915
1487286055.22
0.00152707099915
1487286055.24
0.00152087211609
1487286055.26
0.00152611732483
1487286055.27
0.00152707099915
1487286055.29
0.00152492523193
1487286055.31
0.00152397155762
1487286055.32
0.00152397155762
1487286055.34
0.00152206420898
1487286055.35
0.00152087211609
1487286055.37
0.00152587890625
1487286055.39
0.00152993202209
1487286055.4
0.00151896476746
1487286055.42
0.00153207778931
1487286055.44
0.00152683258057
1487286055.45
0.00152492523193
1487286055.47
0.00153398513794
1487286055.49
0.00155806541443
1487286055.5
0.00158500671387
1487286055.52
0.00162506103516
1487286055.53
0.00168204307556
1487286055.55
0.00174784660339
1487286055.57
0.0018150806427
1487286055.58
0.00188016891479
1487286055.6
0.0019199848175
1487286055.62
0.00192213058472
1487286055.63
0.0019199848175
1487286055.65
0.00185298919678
1487286055.67
0.00173020362854
1487286055.68
0.00162506103516
1487286055.7
0.00158190727234
1487286055.71
0.00155091285706
1487286055.73
0.00152611732483
1487286055.75
0.00152587890625
1487286055.76
0.00152206420898
1487286055.78
0.00152707099915
1487286055.8
0.00152611732483
1487286055.81
0.00152516365051
1487286055.83
0.00152492523193
1487286055.85
0.00152897834778
1487286055.86
0.0015242099762
1487286055.88
0.00152707099915
1487286055.89
0.0015230178833
1487286055.91
0.00152897834778
1487286055.93
0.00155591964722
1487286055.94
0.00158405303955
1487286055.96
0.00158405303955
1487286055.98
0.0015881061554
1487286055.99
0.00161504745483
1487286056.01
0.00160098075867
1487286056.03
0.00155282020569
1487286056.04
0.00152587890625
1487286056.06
0.00151896476746
1487286056.07
0.00151991844177
1487286056.09
0.00151801109314
1487286056.11
0.00151896476746
1487286056.12
0.00151610374451
1487286056.14
0.00152111053467
1487286056.16
0.00151896476746
1487286056.17
0.00152206420898
1487286056.19
0.00151705741882
1487286056.21
0.00151896476746
1487286056.22
0.00151705741882
1487286056.24
0.00151610374451
1487286056.26
0.00152397155762
1487286056.27
0.00152087211609
1487286056.29
0.00152182579041
1487286056.3
0.00151705741882
1487286056.32
0.00152111053467
1487286056.34
0.00152087211609
1487286056.35
0.00152802467346
1487286056.37
0.00152087211609
1487286056.39
0.00152492523193
1487286056.4
0.00152707099915
1487286056.42
0.00153017044067
1487286056.44
0.00132203102112
1487286056.45
0.00152397155762
1487286056.47
0.00152397155762
1487286056.48
0.00152707099915
1487286056.5
0.00152516365051
1487286056.52
0.00152587890625
1487286056.53
0.00152206420898
1487286056.55
0.00152015686035
1487286056.57
0.0015230178833
1487286056.58
0.00152516365051
1487286056.6
0.0015230178833
1487286056.62
0.00151991844177
1487286056.63
0.0015230178833
1487286056.65
0.0015230178833
1487286056.66
0.00152516365051
1487286056.68
0.00152182579041
1487286056.7
0.00152611732483
1487286056.71
0.00151920318604
1487286056.73
0.00151801109314
1487286056.75
0.00151205062866
1487286056.76
0.00151801109314
1487286056.78
0.00152182579041
1487286056.8
0.00152087211609
1487286056.81
0.00151705741882
1487286056.83
0.00151991844177
1487286056.84
0.00152182579041
1487286056.86
0.00151610374451
1487286056.88
0.00151896476746
1487286056.89
0.00151801109314
1487286056.91
0.00151705741882
1487286056.93
0.00151801109314
1487286056.94
0.00151801109314
1487286056.96
0.00151896476746
1487286056.98
0.00151681900024
1487286056.99
0.00151681900024
1487286057.01
0.00151801109314
1487286057.02
0.00152182579041
1487286057.04
0.00152611732483
1487286057.06
0.00152802467346
1487286057.07
0.00152111053467
1487286057.09
0.00152587890625
1487286057.11
0.00152087211609
1487286057.12
0.00152897834778
1487286057.14
0.00152611732483
1487286057.16
0.00152397155762
1487286057.17
0.00152492523193
1487286057.19
0.00152707099915
1487286057.2
0.00152397155762
1487286057.22
0.00152206420898
1487286057.24
0.00151896476746
1487286057.25
0.00151801109314
1487286057.27
0.00152111053467
1487286057.29
0.00152206420898
1487286057.3
0.00151896476746
1487286057.32
0.00151515007019
1487286057.34
0.00151586532593
1487286057.35
0.00151705741882
1487286057.37
0.00151896476746
1487286057.38
0.00151920318604
1487286057.4
0.00151705741882
1487286057.42
0.00152111053467
1487286057.43
0.00151991844177
1487286057.45
0.00152111053467
1487286057.47
0.00152206420898
1487286057.48
0.00152206420898
1487286057.5
0.00152015686035
1487286057.52
0.00151491165161
1487286057.53
0.00151801109314
1487286057.55
0.00151801109314
1487286057.57
0.00151681900024
1487286057.58
0.00152087211609
1487286057.6
0.00152087211609
1487286057.61
0.00151801109314
1487286057.63
0.00152087211609
1487286057.65
0.00151991844177
1487286057.66
0.00151991844177
1487286057.68
0.00152015686035
1487286057.7
0.00151896476746
1487286057.71
0.00151801109314
1487286057.73
0.00152015686035
1487286057.75
0.00152111053467
1487286057.76
0.00151610374451
1487286057.78
0.00151681900024
1487286057.79
0.00154113769531
1487286057.81
0.00165891647339
1487286057.83
0.00178289413452
1487286057.84
0.00191593170166
1487286057.86
0.00202393531799
1487286057.88
0.00210094451904
1487286057.89
0.00209999084473
1487286057.91
0.00210404396057
1487286057.92
0.00210189819336
1487286057.94
0.00210213661194
1487286057.96
0.00210404396057
1487286057.97
0.00210094451904
1487286057.99
0.00210785865784
1487286058.01
0.00210189819336
1487286058.02
0.00208806991577
1487286058.04
0.00200009346008
1487286058.06
0.00184893608093
1487286058.07
0.00168704986572
1487286058.09
0.00155305862427
1487286058.11
0.00152087211609
1487286058.12
0.00151801109314
1487286058.14
0.00151395797729
1487286058.15
0.00151896476746
1487286058.17
0.00151777267456
1487286058.19
0.00152182579041
1487286058.2
0.00151801109314
1487286058.22
0.00151896476746
1487286058.24
0.00151801109314
1487286058.25
0.00151896476746
1487286058.27
0.00151896476746
1487286058.29
0.00165390968323
1487286058.3
0.00176000595093
1487286058.32
0.00188207626343
1487286058.33
0.00198006629944
1487286058.35
0.00208902359009
1487286058.37
0.00210499763489
1487286058.38
0.00210809707642
1487286058.4
0.00210189819336
1487286058.42
0.00210118293762
1487286058.43
0.00210309028625
1487286058.45
0.00210309028625
1487286058.47
0.00210094451904
1487286058.48
0.00210094451904
1487286058.5
0.00204086303711
1487286058.51
0.00189900398254
1487286058.53
0.00173306465149
1487286058.55
0.00157403945923
1487286058.56
0.00152397155762
1487286058.58
0.00152611732483
1487286058.6
0.00152611732483
1487286058.61
0.00152611732483
1487286058.63
0.00151991844177
1487286058.65
0.00151896476746
1487286058.66
0.00152492523193
1487286058.68
0.00151896476746
1487286058.69
0.00152707099915
1487286058.71
0.00152087211609
1487286058.73
0.00152397155762
1487286058.74
0.0015230178833
1487286058.76
0.00152611732483
1487286058.78
0.00152587890625
1487286058.79
0.00152087211609
1487286058.81
0.00152993202209
1487286058.83
0.00153112411499
1487286058.84
0.00153994560242
1487286058.86
0.00154495239258
1487286058.88
0.00154399871826
1487286058.89
0.00153994560242
1487286058.91
0.00154614448547
1487286058.92
0.00154900550842
1487286058.94
0.00155091285706
1487286058.96
0.00157403945923
1487286058.97
0.00163316726685
1487286058.99
0.00171208381653
1487286059.01
0.00179386138916
1487286059.02
0.00191211700439
1487286059.04
0.00209999084473
1487286059.05
0.00210094451904
1487286059.07
0.00209999084473
1487286059.09
0.00210404396057
1487286059.1
0.00210404396057
1487286059.12
0.00209903717041
1487286059.14
0.00210404396057
1487286059.15
0.00210094451904
1487286059.17
0.00210189819336
1487286059.19
0.00210809707642
1487286059.2
0.00204491615295
1487286059.22
0.00191593170166
1487286059.23
0.00164890289307
1487286059.25
0.00155305862427
1487286059.27
0.00152802467346
1487286059.28
0.0015230178833
1487286059.3
0.00152087211609
1487286059.32
0.00152182579041
1487286059.33
0.00152611732483
1487286059.35
0.00151991844177
1487286059.37
0.00152492523193
1487286059.38
0.00152611732483
1487286059.4
0.00152397155762
1487286059.42
0.00152611732483
1487286059.43
0.00152492523193
1487286059.45
0.00151896476746
1487286059.46
0.00152587890625
1487286059.48
0.00155305862427
1487286059.5
0.00160717964172
1487286059.51
0.00167798995972
1487286059.53
0.00172805786133
1487286059.55
0.00181412696838
1487286059.56
0.00188899040222
1487286059.58
0.00197315216064
1487286059.6
0.00202989578247
1487286059.61
0.00209903717041
1487286059.63
0.00210309028625
1487286059.64
0.00210189819336
1487286059.66
0.00210690498352
1487286059.68
0.00209999084473
1487286059.69
0.00210189819336
1487286059.71
0.00209283828735
1487286059.73
0.0020318031311
1487286059.74
0.00191903114319
1487286059.76
0.00176000595093
1487286059.78
0.00161600112915
1487286059.79
0.0015389919281
1487286059.81
0.00152492523193
1487286059.82
0.00151896476746
1487286059.84
0.00152921676636
1487286059.86
0.00151777267456
1487286059.87
0.00152397155762
1487286059.89
0.0015242099762
1487286059.91
0.00152397155762
1487286059.92
0.00152397155762
1487286059.94
0.00152492523193
1487286059.96
0.00151991844177
1487286059.97
0.00152516365051
1487286059.99
0.00151610374451
1487286060.0
0.00152707099915
1487286060.02
0.0015230178833
1487286060.04
0.00152206420898
1487286060.05
0.00152111053467
1487286060.07
0.00152611732483
1487286060.09
0.00152087211609
1487286060.1
0.0015230178833
1487286060.12
0.0015230178833
1487286060.14
0.00152087211609
1487286060.15
0.00152015686035
1487286060.17
0.00152206420898
1487286060.19
0.00152182579041
1487286060.2
0.00151896476746
1487286060.22
0.00152206420898
1487286060.23
0.00151705741882
1487286060.25
0.00152087211609
1487286060.27
0.00151705741882
1487286060.28
0.00152707099915
1487286060.3
0.00152897834778
1487286060.32
0.00152611732483
1487286060.33
0.0015230178833
1487286060.35
0.00152611732483
1487286060.37
0.00152492523193
1487286060.38
0.00152897834778
1487286060.4
0.00152206420898
1487286060.41
0.00152683258057
1487286060.43
0.0015230178833
1487286060.45
0.0015230178833
1487286060.46
0.00152206420898
1487286060.48
0.00152802467346
1487286060.5
0.00151991844177
1487286060.51
0.00151610374451
1487286060.53
0.00152611732483
1487286060.55
0.00152802467346
1487286060.56
0.00151896476746
1487286060.58
0.00152492523193
1487286060.59
0.00151991844177
1487286060.61
0.00151991844177
1487286060.63
0.00152587890625
1487286060.64
0.00152492523193
1487286060.66
0.00152707099915
1487286060.68
0.00152587890625
1487286060.69
0.0015230178833
1487286060.71
0.00152683258057
1487286060.73
0.00152492523193
1487286060.74
0.00152397155762
1487286060.76
0.0015230178833
1487286060.77
0.00152587890625
1487286060.79
0.00151610374451
1487286060.81
0.0015230178833
1487286060.82
0.00152087211609
1487286060.84
0.00152611732483
1487286060.86
0.00151991844177
1487286060.87
0.00152587890625
1487286060.89
0.00152921676636
1487286060.91
0.00152587890625
1487286060.92
0.00152778625488
1487286060.94
0.00151991844177
1487286060.95
0.00151991844177
1487286060.97
0.00152206420898
1487286060.99
0.00152921676636
1487286061.0
0.00152611732483
1487286061.02
0.00152397155762
1487286061.04
0.00152015686035
1487286061.05
0.0015230178833
1487286061.07
0.0015230178833
1487286061.09
0.00152492523193
1487286061.1
0.00152611732483
1487286061.12
0.00152397155762
1487286061.13
0.00152611732483
1487286061.15
0.00152492523193
1487286061.17
0.00152707099915
1487286061.18
0.00152492523193
1487286061.2
0.00152111053467
1487286061.22
0.00153112411499
1487286061.23
0.0015230178833
1487286061.25
0.00152802467346
1487286061.27
0.00152611732483
1487286061.28
0.0015230178833
1487286061.3
0.00152587890625
1487286061.31
0.00152802467346
1487286061.33
0.00152397155762
1487286061.35
0.00152516365051
1487286061.36
0.00152802467346
1487286061.38
0.00151896476746
1487286061.4
0.00152611732483
1487286061.41
0.00152897834778
1487286061.43
0.00152683258057
1487286061.45
0.00152611732483
1487286061.46
0.00152707099915
1487286061.48
0.00152397155762
1487286061.5
0.00152492523193
1487286061.51
0.00152397155762
1487286061.53
0.00152707099915
1487286061.54
0.00151610374451
1487286061.56
0.00151586532593
1487286061.58
0.00151896476746
1487286061.59
0.0015230178833
1487286061.61
0.00152587890625
1487286061.63
0.00152516365051
1487286061.64
0.00151920318604
1487286061.66
0.00151896476746
1487286061.68
0.0015230178833
1487286061.69
0.00152087211609
1487286061.71
0.00152111053467
1487286061.72
0.00152492523193
1487286061.74
0.0015230178833
1487286061.76
0.00151705741882
1487286061.77
0.00152397155762
1487286061.79
0.00152492523193
1487286061.81
0.00151896476746
1487286061.82
0.00152802467346
1487286061.84
0.00152587890625
1487286061.86
0.00152492523193
1487286061.87
0.00152087211609
1487286061.89
0.00152587890625
1487286061.9
0.00152611732483
1487286061.92
0.00152111053467
1487286061.94
0.00152397155762
1487286061.95
0.00151991844177
1487286061.97
0.00152087211609
1487286061.99
0.00152611732483
1487286062.0
0.00152492523193
1487286062.02
0.00151801109314
1487286062.04
0.00152516365051
1487286062.05
0.00152492523193
1487286062.07
0.00151896476746
1487286062.08
0.00152206420898
1487286062.1
0.00152897834778
1487286062.12
0.00152707099915
1487286062.13
0.00152492523193
1487286062.15
0.00151896476746
1487286062.17
0.00152683258057
1487286062.18
0.0015242099762
1487286062.2
0.00152492523193
1487286062.22
0.00152707099915
1487286062.23
0.00152587890625
1487286062.25
0.00152611732483
1487286062.26
0.00152516365051
1487286062.28
0.00152587890625
1487286062.3
0.00152897834778
1487286062.31
0.00152802467346
1487286062.33
0.00152492523193
1487286062.35
0.00152492523193
1487286062.36
0.00152397155762
1487286062.38
0.00152277946472
1487286062.4
0.00152707099915
1487286062.41
0.00152707099915
1487286062.43
0.00152707099915
1487286062.44
0.00152492523193
1487286062.46
0.00151991844177
1487286062.48
0.00152587890625
1487286062.49
0.00152587890625
1487286062.51
0.0015230178833
1487286062.53
0.00152707099915
1487286062.54
0.00152611732483
1487286062.56
0.00152492523193
1487286062.58
0.00152587890625
1487286062.59
0.00152206420898
1487286062.61
0.00151896476746
1487286062.62
0.00152516365051
1487286062.64
0.00152206420898
1487286062.66
0.00152587890625
1487286062.67
0.00152087211609
1487286062.69
0.00153207778931
1487286062.71
0.00151896476746
1487286062.72
0.00152802467346
1487286062.74
0.00152516365051
1487286062.76
0.00152397155762
1487286062.77
0.00152206420898