0.00155997276306
1487286053.39
0.00155997276306
1487286053.41
0.00155878067017
1487286053.42
0.00155806541443
1487286053.44
0.00155591964722
1487286053.45
0.00155901908875
1487286053.47
0.0015549659729
1487286053.49
0.00155901908875
1487286053.5
0.00155806541443
1487286053.52
0.0015549659729
1487286053.54
0.00155305862427
1487286053.55
0.00155711174011
1487286053.57
0.00156092643738
1487286053.59
0.00156497955322
1487286053.6
0.00155711174011
1487286053.62
0.00156211853027
1487286053.64
0.00156116485596
1487286053.65
0.00156021118164
1487286053.67
0.00155806541443
1487286053.68
0.00155997276306
1487286053.7
0.00155806541443
1487286053.72
0.00156688690186
1487286053.73
0.00156378746033
1487286053.75
0.00156712532043
1487286053.77
0.00155997276306
1487286053.78
0.00155901908875
1487286053.8
0.00156784057617
1487286053.82
0.00155711174011
1487286053.83
0.00155806541443
1487286053.85
0.00156617164612
1487286053.86
0.00156712532043
1487286053.88
0.00156211853027
1487286053.9
0.00156688690186
1487286053.91
0.00155591964722
1487286053.93
0.00155901908875
1487286053.95
0.00156116485596
1487286053.96
0.00156092643738
1487286053.98
0.00156021118164
1487286054.0
0.00155711174011
1487286054.01
0.00155591964722
1487286054.03
0.00156807899475
1487286054.04
0.00156497955322
1487286054.06
0.00156593322754
1487286054.08
0.00155997276306
1487286054.09
0.00156092643738
1487286054.11
0.00156188011169
1487286054.13
0.00156402587891
1487286054.14
0.00155711174011
1487286054.16
0.00156903266907
1487286054.18
0.00156092643738
1487286054.19
0.00156688690186
1487286054.21
0.00156307220459
1487286054.22
0.00156211853027
1487286054.24
0.00156092643738
1487286054.26
0.00155806541443
1487286054.27
0.00155782699585
1487286054.29
0.00155806541443
1487286054.31
0.00155901908875
1487286054.32
0.00155806541443
1487286054.34
0.00156092643738
1487286054.36
0.00156092643738
1487286054.37
0.00156378746033
1487286054.39
0.00156593322754
1487286054.4
0.00156807899475
1487286054.42
0.00156188011169
1487286054.44
0.00155806541443
1487286054.45
0.00156402587891
1487286054.47
0.00156998634338
1487286054.49
0.00156903266907
1487286054.5
0.00156211853027
1487286054.52
0.00157284736633
1487286054.54
0.00158596038818
1487286054.55
0.001620054245
1487286054.57
0.00166702270508
1487286054.58
0.00174617767334
1487286054.6
0.00180983543396
1487286054.62
0.00187206268311
1487286054.63
0.00190687179565
1487286054.65
0.00192904472351
1487286054.67
0.00193810462952
1487286054.68
0.00193500518799
1487286054.7
0.00192403793335
1487286054.72
0.00190901756287
1487286054.73
0.00187110900879
1487286054.75
0.00179004669189
1487286054.76
0.00168991088867
1487286054.78
0.00159406661987
1487286054.8
0.00156092643738
1487286054.81
0.00155997276306
1487286054.83
0.00155377388
1487286054.85
0.00153994560242
1487286054.86
0.00151300430298
1487286054.88
0.00149989128113
1487286054.9
0.00147414207458
1487286054.91
0.0014591217041
1487286054.93
0.00144505500793
1487286054.95
0.0014340877533
1487286054.96
0.00141096115112
1487286054.98
0.00139188766479
1487286054.99
0.00137519836426
1487286055.01
0.00136494636536
1487286055.03
0.00134491920471
1487286055.04
0.00133299827576
1487286055.06
0.00132012367249
1487286055.08
0.0013279914856
1487286055.09
0.00134706497192
1487286055.11
0.00137400627136
1487286055.13
0.00142598152161
1487286055.14
0.00148296356201
1487286055.16
0.00152087211609
1487286055.17
0.00155711174011
1487286055.19
0.00155806541443
1487286055.21
0.00156188011169
1487286055.22
0.00156021118164
1487286055.24
0.00155687332153
1487286055.26
0.00156402587891
1487286055.27
0.00155806541443
1487286055.29
0.00155997276306
1487286055.31
0.00155901908875
1487286055.32
0.00155806541443
1487286055.34
0.0015561580658
1487286055.35
0.00155806541443
1487286055.37
0.00156402587891
1487286055.39
0.00155901908875
1487286055.4
0.00155687332153
1487286055.42
0.00155901908875
1487286055.44
0.00155997276306
1487286055.45
0.00156092643738
1487286055.47
0.00155401229858
1487286055.49
0.00156307220459
1487286055.5
0.00156283378601
1487286055.52
0.00156712532043
1487286055.53
0.00156211853027
1487286055.55
0.00156688690186
1487286055.57
0.00156307220459
1487286055.58
0.00156211853027
1487286055.6
0.00156879425049
1487286055.62
0.00156116485596
1487286055.63
0.00156402587891
1487286055.65
0.00156402587891
1487286055.67
0.00156307220459
1487286055.68
0.00156211853027
1487286055.7
0.00156092643738
1487286055.71
0.00155591964722
1487286055.73
0.00154805183411
1487286055.75
0.00154995918274
1487286055.76
0.00155210494995
1487286055.78
0.00156211853027
1487286055.8
0.00155210494995
1487286055.81
0.00155019760132
1487286055.83
0.00155186653137
1487286055.85
0.00155401229858
1487286055.86
0.00155019760132
1487286055.88
0.00155091285706
1487286055.89
0.00155305862427
1487286055.91
0.00154995918274
1487286055.93
0.00156092643738
1487286055.94
0.00155401229858
1487286055.96
0.0015549659729
1487286055.98
0.00155806541443
1487286055.99
0.00152802467346
1487286056.01
0.00150299072266
1487286056.03
0.00148296356201
1487286056.04
0.00146985054016
1487286056.06
0.00144004821777
1487286056.08
0.00141406059265
1487286056.09
0.00139093399048
1487286056.11
0.00136303901672
1487286056.12
0.0013279914856
1487286056.14
0.0013210773468
1487286056.16
0.00127100944519
1487286056.17
0.00123310089111
1487286056.19
0.00118398666382
1487286056.21
0.00116896629333
1487286056.22
0.0011670589447
1487286056.24
0.0011830329895
1487286056.26
0.0012149810791
1487286056.27
0.00125789642334
1487286056.29
0.00132584571838
1487286056.3
0.00139307975769
1487286056.32
0.0014591217041
1487286056.34
0.00152587890625
1487286056.35
0.00153708457947
1487286056.37
0.00156092643738
1487286056.39
0.0016040802002
1487286056.4
0.00163507461548
1487286056.42
0.00167417526245
1487286056.44
0.00151085853577
1487286056.45
0.00175786018372
1487286056.47
0.00179386138916
1487286056.48
0.00183296203613
1487286056.5
0.00186514854431
1487286056.52
0.00188803672791
1487286056.53
0.00191521644592
1487286056.55
0.00196003913879
1487286056.57
0.00195288658142
1487286056.58
0.00197315216064
1487286056.6
0.00197386741638
1487286056.61
0.0019679069519
1487286056.63
0.00196099281311
1487286056.65
0.00193095207214
1487286056.66
0.00184297561646
1487286056.68
0.00170183181763
1487286056.7
0.00154805183411
1487286056.71
0.0015242099762
1487286056.73
0.00144696235657
1487286056.75
0.0013530254364
1487286056.76
0.00124788284302
1487286056.78
0.00121283531189
1487286056.8
0.00115299224854
1487286056.81
0.00111794471741
1487286056.83
0.0010678768158
1487286056.85
0.00104999542236
1487286056.86
0.00104904174805
1487286056.88
0.0010449886322
1487286056.89
0.0010449886322
1487286056.91
0.00104713439941
1487286056.93
0.00105786323547
1487286056.94
0.00105619430542
1487286056.96
0.00115489959717
1487286056.98
0.00126600265503
1487286056.99
0.00137281417847
1487286057.01
0.00149416923523
1487286057.02
0.00155901908875
1487286057.04
0.00158405303955
1487286057.06
0.00162601470947
1487286057.07
0.00167107582092
1487286057.09
0.00172281265259
1487286057.11
0.00176191329956
1487286057.12
0.00178790092468
1487286057.14
0.00178694725037
1487286057.16
0.00177407264709
1487286057.17
0.00172710418701
1487286057.19
0.00165104866028
1487286057.2
0.00154495239258
1487286057.22
0.00152802467346
1487286057.24
0.00145697593689
1487286057.25
0.00137805938721
1487286057.27
0.00133299827576
1487286057.29
0.00129699707031
1487286057.3
0.00127291679382
1487286057.32
0.00125503540039
1487286057.34
0.00126695632935
1487286057.35
0.00127911567688
1487286057.37
0.00128602981567
1487286057.39
0.00128412246704
1487286057.4
0.00128602981567
1487286057.42
0.00128102302551
1487286057.43
0.00128388404846
1487286057.45
0.00129008293152
1487286057.47
0.00128388404846
1487286057.48
0.00128102302551
1487286057.5
0.00128197669983
1487286057.52
0.00127792358398
1487286057.53
0.00125193595886
1487286057.55
0.00123500823975
1487286057.57
0.00119090080261
1487286057.58
0.00112199783325
1487286057.6
0.00105881690979
1487286057.61
0.00104999542236
1487286057.63
0.00105094909668
1487286057.65
0.00105285644531
1487286057.66
0.00104784965515
1487286057.68
0.00105214118958
1487286057.7
0.00104713439941
1487286057.71
0.00105094909668
1487286057.73
0.00104999542236
1487286057.75
0.00105094909668
1487286057.76
0.00105309486389
1487286057.78
0.0010769367218
1487286057.79
0.0011351108551
1487286057.81
0.00123596191406
1487286057.83
0.00133800506592
1487286057.84
0.00144290924072
1487286057.86
0.00153493881226
1487286057.88
0.0015561580658
1487286057.89
0.00156092643738
1487286057.91
0.00158500671387
1487286057.93
0.00158882141113
1487286057.94
0.0016040802002
1487286057.96
0.00161409378052
1487286057.97
0.00161695480347
1487286057.99
0.00162577629089
1487286058.01
0.0016188621521
1487286058.02
0.00161409378052
1487286058.04
0.00160217285156
1487286058.06
0.00158095359802
1487286058.07
0.00155591964722
1487286058.09
0.00153589248657
1487286058.11
0.00134992599487
1487286058.12
0.00123405456543
1487286058.14
0.0011351108551
1487286058.15
0.00105500221252
1487286058.17
0.00106191635132
1487286058.19
0.00105786323547
1487286058.2
0.00105404853821
1487286058.22
0.00105595588684
1487286058.24
0.00104904174805
1487286058.25
0.00104904174805
1487286058.27
0.00104808807373
1487286058.29
0.00104784965515
1487286058.3
0.00105309486389
1487286058.32
0.00105500221252
1487286058.34
0.00107288360596
1487286058.35
0.00113892555237
1487286058.37
0.00122690200806
1487286058.38
0.00135707855225
1487286058.4
0.00148987770081
1487286058.42
0.00156116485596
1487286058.43
0.00156593322754
1487286058.45
0.00158095359802
1487286058.47
0.001620054245
1487286058.48
0.00165390968323
1487286058.5
0.00169992446899
1487286058.51
0.00172305107117
1487286058.53
0.00173902511597
1487286058.55
0.00172805786133
1487286058.56
0.00171494483948
1487286058.58
0.00170397758484
1487286058.6
0.00170207023621
1487286058.61
0.0017101764679
1487286058.63
0.00171589851379
1487286058.65
0.00173687934875
1487286058.66
0.00178098678589
1487286058.68
0.00178503990173
1487286058.69
0.00179195404053
1487286058.71
0.00178599357605
1487286058.73
0.00176692008972
1487286058.74
0.00171709060669
1487286058.76
0.00162792205811
1487286058.78
0.00154685974121
1487286058.79
0.00149989128113
1487286058.81
0.00137805938721
1487286058.83
0.00127196311951
1487286058.84
0.00116896629333
1487286058.86
0.00105905532837
1487286058.88
0.00106000900269
1487286058.89
0.00105285644531
1487286058.91
0.00105404853821
1487286058.92
0.00105404853821
1487286058.94
0.00105595588684
1487286058.96
0.00105285644531
1487286058.97
0.00106310844421
1487286058.99
0.00108695030212
1487286059.01
0.00114989280701
1487286059.02
0.00125408172607
1487286059.04
0.00146579742432
1487286059.06
0.00156307220459
1487286059.07
0.00155401229858
1487286059.09
0.00156402587891
1487286059.1
0.00156688690186
1487286059.12
0.00156903266907
1487286059.14
0.00158405303955
1487286059.15
0.00160503387451
1487286059.17
0.00162100791931
1487286059.19
0.00162696838379
1487286059.2
0.00162696838379
1487286059.22
0.00163388252258
1487286059.24
0.00169396400452
1487286059.25
0.00176692008972
1487286059.27
0.00186610221863
1487286059.28
0.00193786621094
1487286059.3
0.00201201438904
1487286059.32
0.00207996368408
1487286059.33
0.00211310386658
1487286059.35
0.00211501121521
1487286059.37
0.00211691856384
1487286059.38
0.00211501121521
1487286059.4
0.00211596488953
1487286059.41
0.00211715698242
1487286059.43
0.00211596488953
1487286059.45
0.00211310386658
1487286059.46
0.00207901000977
1487286059.48
0.00198912620544
1487286059.5
0.00187301635742
1487286059.51
0.00172686576843
1487286059.53
0.0015721321106
1487286059.55
0.00151896476746
1487286059.56
0.00145316123962
1487286059.58
0.00137305259705
1487286059.6
0.00131893157959
1487286059.61
0.00123286247253
1487286059.63
0.00121712684631
1487286059.65
0.00118803977966
1487286059.66
0.00117588043213
1487286059.68
0.00117111206055
1487286059.69
0.00117301940918
1487286059.71
0.00117993354797
1487286059.73
0.00119996070862
1487286059.74
0.00122404098511
1487286059.76
0.00129890441895
1487286059.78
0.00140619277954
1487286059.79
0.00154590606689
1487286059.81
0.00168490409851
1487286059.82
0.00179290771484
1487286059.84
0.00187921524048
1487286059.86
0.00193500518799
1487286059.87
0.00200009346008
1487286059.89
0.00204920768738
1487286059.91
0.0020899772644
1487286059.92
0.0021059513092
1487286059.94
0.00211691856384
1487286059.96
0.00211596488953
1487286059.97
0.00211811065674
1487286059.99
0.00211119651794
1487286060.0
0.00209498405457
1487286060.02
0.00202798843384
1487286060.04
0.00189995765686
1487286060.05
0.00173401832581
1487286060.07
0.00154304504395
1487286060.09
0.00150799751282
1487286060.1
0.00145196914673
1487286060.12
0.00136494636536
1487286060.14
0.00129389762878
1487286060.15
0.00123500823975
1487286060.17
0.00119495391846
1487286060.19
0.00114989280701
1487286060.2
0.00113987922668
1487286060.22
0.00114893913269
1487286060.23
0.00117707252502
1487286060.25
0.0012469291687
1487286060.27
0.00136804580688
1487286060.28
0.00153207778931
1487286060.3
0.00160098075867
1487286060.32
0.00167512893677
1487286060.33
0.00176906585693
1487286060.35
0.00184392929077
1487286060.36
0.00195097923279
1487286060.38
0.00198006629944
1487286060.4
0.00198602676392
1487286060.41
0.00198483467102
1487286060.43
0.00197100639343
1487286060.45
0.00194215774536
1487286060.46
0.00189089775085
1487286060.48
0.00185918807983
1487286060.5
0.00180888175964
1487286060.51
0.00177907943726
1487286060.53
0.00175309181213
1487286060.55
0.00172400474548
1487286060.56
0.00164103507996
1487286060.58
0.0016028881073
1487286060.59
0.00155210494995
1487286060.61
0.00155282020569
1487286060.63
0.00155901908875
1487286060.64
0.0015549659729
1487286060.66
0.00155305862427
1487286060.68
0.00155305862427
1487286060.69
0.00155091285706
1487286060.71
0.00154995918274
1487286060.73
0.00154900550842
1487286060.74
0.00155115127563
1487286060.76
0.00155401229858
1487286060.77
0.00155091285706
1487286060.79
0.00154399871826
1487286060.81
0.00154805183411
1487286060.82
0.00155186653137
1487286060.84
0.00155305862427
1487286060.86
0.00154900550842
1487286060.87
0.00154685974121
1487286060.89
0.00155019760132
1487286060.91
0.00155401229858
1487286060.92
0.00155282020569
1487286060.94
0.00155091285706
1487286060.95
0.00154900550842
1487286060.97
0.00154685974121
1487286060.99
0.0015561580658
1487286061.0
0.00155401229858
1487286061.02
0.00155401229858
1487286061.04
0.00155210494995
1487286061.05
0.00154805183411
1487286061.07
0.00155210494995
1487286061.09
0.00155401229858
1487286061.1
0.0015561580658
1487286061.12
0.00155091285706
1487286061.13
0.0015549659729
1487286061.15
0.0015549659729
1487286061.17
0.00155711174011
1487286061.18
0.00155806541443
1487286061.2
0.00155401229858
1487286061.22
0.00155711174011
1487286061.23
0.00155806541443
1487286061.25
0.00155520439148
1487286061.27
0.0015549659729
1487286061.28
0.00156116485596
1487286061.3
0.00155901908875
1487286061.31
0.00155901908875
1487286061.33
0.0015549659729
1487286061.35
0.00155806541443
1487286061.36
0.0015549659729
1487286061.38
0.00155305862427
1487286061.4
0.00155305862427
1487286061.41
0.00155520439148
1487286061.43
0.00155782699585
1487286061.45
0.00155711174011
1487286061.46
0.0015561580658
1487286061.48
0.00155591964722
1487286061.5
0.00155401229858
1487286061.51
0.0015549659729
1487286061.53
0.00155687332153
1487286061.54
0.00155091285706
1487286061.56
0.00155186653137
1487286061.58
0.00155115127563
1487286061.59
0.00155901908875
1487286061.61
0.00155687332153
1487286061.63
0.00155305862427
1487286061.64
0.00155520439148
1487286061.66
0.00155901908875
1487286061.68
0.00155091285706
1487286061.69
0.00155401229858
1487286061.71
0.0015549659729
1487286061.72
0.00155591964722
1487286061.74
0.00155711174011
1487286061.76
0.00155305862427
1487286061.77
0.0015549659729
1487286061.79
0.00155401229858
1487286061.81
0.0015549659729
1487286061.82
0.0015549659729
1487286061.84
0.00155687332153
1487286061.86
0.00155591964722
1487286061.87
0.00155210494995
1487286061.89
0.00155687332153
1487286061.9
0.00155806541443
1487286061.92
0.0015549659729
1487286061.94
0.00155591964722
1487286061.95
0.0015549659729
1487286061.97
0.00155687332153
1487286061.99
0.00155591964722
1487286062.0
0.00155687332153
1487286062.02
0.0015549659729
1487286062.04
0.00155806541443
1487286062.05
0.00155782699585
1487286062.07
0.00155401229858
1487286062.08
0.00155711174011
1487286062.1
0.00155901908875
1487286062.12
0.00155997276306
1487286062.13
0.00155806541443
1487286062.15
0.0015549659729
1487286062.17
0.00155782699585
1487286062.18
0.00155711174011
1487286062.2
0.00156092643738
1487286062.22
0.00156021118164
1487286062.23
0.00155591964722
1487286062.25
0.00155806541443
1487286062.26
0.00155401229858
1487286062.28
0.00155591964722
1487286062.3
0.0015561580658
1487286062.31
0.00155806541443
1487286062.33
0.00155806541443
1487286062.35
0.00155687332153
1487286062.36
0.00155305862427
1487286062.38
0.00155591964722
1487286062.4
0.00156211853027
1487286062.41
0.00155711174011
1487286062.43
0.00155806541443
1487286062.44
0.00155901908875
1487286062.46
0.00155591964722
1487286062.48
0.00155782699585
1487286062.49
0.00155401229858
1487286062.51
0.00155401229858
1487286062.53
0.00155997276306
1487286062.54
0.0015549659729
1487286062.56
0.00155901908875
1487286062.58
0.00155591964722
1487286062.59
0.00156092643738
1487286062.61
0.00155401229858
1487286062.62
0.00155305862427
1487286062.64
0.00155520439148
1487286062.66
0.0015549659729
1487286062.67
0.00155687332153
1487286062.69
0.00155806541443
1487286062.71
0.0015549659729
1487286062.72
0.00155687332153
1487286062.74
0.00155901908875
1487286062.76
0.00155806541443
1487286062.77
0.00155806541443
1487286062.79
1.50203704834e-05
1487286062.79
